holdout_pearson=0.193357
weights=[0.23066458 0.20713449 0.22994716 0.02494552 0.03330491 0.00508047
 0.03408271 0.22450068 0.01033948]
